16 11 5 2 9 3 13 15 6 1 12 14 4 8 10 7
6 3 7 4 11 2 10 5 13 16 15 8 14 9 12 1
13 9 1 10 12 16 14 8 2 4 7 3 15 5 6 11
14 15 8 12 6 1 4 7 10 9 11 5 3 13 2 16
15 10 13 14 5 8 16 1 4 7 6 12 11 2 3 9
8 16 11 3 13 12 6 4 9 14 2 15 1 10 7 5
9 5 4 7 14 10 11 2 1 3 8 16 6 12 15 13
12 6 2 1 15 9 7 3 11 13 5 10 8 16 14 4
4 13 6 16 7 5 2 11 3 12 14 9 10 1 8 15
1 2 3 9 16 4 8 6 7 15 10 13 12 11 5 14
10 7 14 5 3 15 12 13 8 11 4 1 9 6 16 2
11 12 15 8 1 14 9 10 5 2 16 6 13 7 4 3
7 4 9 15 10 6 5 16 14 8 13 11 2 3 1 12
3 8 10 11 4 13 15 12 16 5 1 2 7 14 9 6
5 14 12 6 2 11 1 9 15 10 3 7 16 4 13 8
2 1 16 13 8 7 3 14 12 6 9 4 5 15 11 10
Time: 0.06244888500000023
Number of variables: 4912
Number of clauses: 123904
