13 6 3 11 9 14 12 16 4 10 1 7 8 5 15 2
5 8 4 7 2 15 10 6 12 3 11 14 13 1 16 9
10 9 12 2 5 8 1 3 13 15 16 6 11 4 7 14
14 15 16 1 4 11 13 7 2 5 9 8 3 6 10 12
15 11 13 8 6 16 14 4 10 12 5 3 2 7 9 1
3 4 7 16 13 12 9 2 15 11 14 1 10 8 5 6
12 14 2 5 10 7 8 1 6 13 4 9 16 15 11 3
1 10 6 9 15 5 3 11 8 16 7 2 4 12 14 13
2 3 14 10 7 13 4 5 11 8 12 16 6 9 1 15
16 7 15 13 1 9 11 8 14 4 6 10 12 3 2 5
11 5 9 4 12 10 6 14 1 2 3 15 7 13 8 16
8 12 1 6 3 2 16 15 7 9 13 5 14 11 4 10
9 16 11 15 14 6 7 13 3 1 10 4 5 2 12 8
7 1 8 3 16 4 15 10 5 6 2 12 9 14 13 11
4 13 5 12 8 3 2 9 16 14 15 11 1 10 6 7
6 2 10 14 11 1 5 12 9 7 8 13 15 16 3 4
Time: 0.1227185030000002
Number of variables: 4912
Number of clauses: 123904
