13 15 25 11 2 9 10 24 17 6 8 4 20 23 21 12 19 14 7 16 22 18 5 3 1
21 8 16 3 20 13 25 19 7 1 12 9 11 24 22 23 18 5 15 17 2 4 14 10 6
17 22 9 24 12 20 21 2 18 4 13 14 5 16 1 25 6 10 3 8 23 19 15 11 7
14 6 18 19 1 23 11 15 3 5 10 17 7 25 2 22 21 9 13 4 24 20 16 12 8
23 4 7 10 5 22 8 16 14 12 15 19 18 3 6 24 20 11 1 2 25 21 17 13 9
8 13 6 20 14 25 23 9 24 18 19 10 22 21 7 11 12 16 17 15 5 3 4 1 2
18 21 15 17 22 11 4 10 16 19 14 23 24 20 25 9 1 3 2 5 12 8 7 6 13
12 23 24 25 19 21 20 22 13 15 18 1 3 2 5 8 4 6 14 7 9 11 10 17 16
9 10 5 16 7 17 12 3 1 2 4 11 6 13 8 18 25 24 23 22 15 14 21 20 19
4 11 2 1 3 14 5 6 8 7 16 15 17 12 9 13 10 21 20 19 18 25 24 23 22
20 24 19 8 25 12 9 21 15 13 23 22 14 7 18 10 11 17 16 6 4 5 1 2 3
11 16 10 13 15 18 17 14 23 22 24 21 25 19 20 4 3 2 5 1 8 9 6 7 12
22 18 14 23 21 1 24 25 19 20 5 3 2 6 4 7 9 15 8 12 13 10 11 16 17
3 12 17 7 9 4 6 5 2 16 1 8 10 11 13 19 24 25 22 23 14 15 20 21 18
6 5 1 2 4 7 3 11 10 8 9 16 15 17 12 14 13 20 21 18 19 24 25 22 23
7 9 11 14 23 8 16 18 22 24 20 25 21 10 19 17 15 12 6 13 3 1 2 5 4
19 20 21 5 24 15 13 12 25 17 22 18 16 1 23 3 2 4 10 14 7 6 9 8 11
16 25 22 18 17 6 19 20 21 23 3 2 4 5 24 1 8 7 11 9 10 13 12 15 14
10 1 12 15 13 3 2 4 5 14 7 6 9 8 11 20 23 22 25 24 17 16 19 18 21
2 3 4 6 8 10 1 7 11 9 17 13 12 15 14 5 16 19 18 21 20 23 22 25 24
24 7 8 9 10 16 22 23 6 25 21 20 19 18 17 15 14 13 12 11 1 2 3 4 5
15 17 20 21 18 19 14 13 12 11 25 24 23 22 16 2 5 1 4 3 6 7 8 9 10
25 19 23 22 16 24 18 17 20 21 2 5 1 4 3 6 7 8 9 10 11 12 13 14 15
5 14 13 12 11 2 15 1 4 3 6 7 8 9 10 21 22 23 24 25 16 17 18 19 20
1 2 3 4 6 5 7 8 9 10 11 12 13 14 15 16 17 18 19 20 21 22 23 24 25
Time: 0.04388888399999935
Number of variables: 17575
Number of clauses: 752500
