4 10 13 15 12 7 11 3 2 5 8 6 1 16 9 14
8 2 7 16 1 10 5 15 14 3 12 9 4 13 11 6
6 14 11 5 8 9 4 2 15 16 1 13 12 10 3 7
9 3 1 12 6 16 14 13 10 7 11 4 2 8 5 15
16 5 12 10 9 8 15 1 7 11 4 14 3 6 13 2
2 13 3 14 4 5 10 16 6 9 15 8 11 1 7 12
1 4 6 11 7 14 3 12 16 13 2 10 8 5 15 9
7 9 15 8 13 11 2 6 1 12 5 3 14 4 16 10
3 1 14 2 10 12 16 4 13 15 6 11 9 7 8 5
12 15 5 4 3 1 9 11 8 10 16 7 6 14 2 13
11 16 10 6 14 13 7 8 3 2 9 5 15 12 1 4
13 8 9 7 2 15 6 5 12 4 14 1 16 11 10 3
15 7 8 3 5 6 12 14 9 1 13 16 10 2 4 11
14 11 4 9 16 3 8 7 5 6 10 2 13 15 12 1
5 6 2 1 15 4 13 10 11 8 3 12 7 9 14 16
10 12 16 13 11 2 1 9 4 14 7 15 5 3 6 8
Time: 0.5036503009999995
Number of variables: 4912
Number of clauses: 123904
