0 24 22 0 17 7 14 1 0 0 2 15 0 9 0 0 0 12 0 11 0 0 0 0 5
13 0 0 0 25 0 22 8 23 0 17 0 11 0 0 0 0 6 0 0 14 0 0 0 4
0 1 0 0 0 9 0 0 0 0 0 4 3 0 5 0 23 15 8 0 2 0 0 0 21
5 0 0 19 0 2 0 0 0 0 0 14 0 0 21 0 17 9 0 0 0 0 23 16 13
0 0 0 0 7 0 3 0 12 4 0 0 0 19 20 0 1 0 0 0 0 8 0 18 0
7 0 0 6 10 23 8 3 0 22 9 11 0 0 0 0 0 0 0 0 0 0 21 25 0
0 9 23 0 0 25 4 0 0 14 0 0 21 20 6 0 0 5 0 22 0 2 16 1 7
12 0 0 13 18 0 2 0 0 20 0 0 23 0 4 16 0 0 0 0 5 0 10 8 0
0 0 17 0 21 0 19 13 0 0 5 24 0 0 1 14 15 0 25 0 0 0 0 12 18
0 0 0 0 8 15 21 5 0 12 0 0 0 3 16 17 13 0 24 0 23 19 14 0 0
3 11 0 8 14 0 0 16 0 19 0 10 9 0 0 5 0 0 0 12 20 15 0 0 0
0 18 4 10 0 8 7 0 24 0 0 0 0 0 0 13 22 0 19 3 0 14 9 11 0
0 0 12 0 0 0 23 0 0 0 0 0 0 0 18 0 7 0 2 0 4 0 0 19 0
0 0 0 0 0 4 0 0 0 15 0 0 16 0 3 0 0 0 0 0 12 0 0 21 0
24 7 0 0 22 0 13 0 18 6 0 0 20 0 0 0 0 0 0 0 17 16 0 3 0
18 0 0 0 0 0 0 9 17 2 0 13 0 0 0 15 0 24 11 8 0 0 0 0 0
8 6 10 7 0 0 0 11 20 0 0 0 18 0 19 4 0 0 3 9 13 17 25 0 0
0 0 0 15 16 14 0 0 0 0 3 0 0 12 0 0 19 0 0 7 22 23 24 10 0
23 0 0 21 0 0 0 6 16 24 0 9 22 0 25 10 0 0 0 0 7 0 0 0 0
0 0 0 0 0 0 0 0 0 0 0 0 6 10 0 23 0 0 0 0 11 0 12 15 0
0 0 19 22 0 18 0 0 13 0 0 21 24 0 11 7 9 0 0 0 0 0 0 0 15
0 0 18 17 0 20 5 0 0 0 0 23 19 6 7 0 0 10 0 24 0 0 0 0 0
14 5 0 23 0 0 0 21 0 0 10 0 1 0 0 0 0 22 12 0 0 25 0 7 0
0 0 0 0 0 0 0 24 2 0 0 0 0 14 13 25 18 16 0 1 0 0 3 23 0
10 20 21 0 3 16 12 0 0 0 25 0 2 0 0 0 14 11 13 0 0 0 19 0 1
