29 0 0 0 36 0 27 0 0 0 0 0 6 0 1 0 16 0 0 31 0 0 0 0 17 0 0 0 0 11 0 0 0 0 0 32
0 0 0 0 28 12 0 34 0 0 25 16 30 0 4 0 0 0 18 0 33 0 0 2 32 0 23 0 0 15 26 0 0 0 0 0
8 24 26 0 0 0 0 0 0 0 3 36 29 20 25 0 0 14 0 0 12 0 16 0 0 0 0 31 0 0 0 0 10 0 0 0
0 0 0 23 0 0 8 15 0 4 0 10 31 36 0 0 0 0 0 17 0 5 25 0 0 0 0 0 0 0 12 0 0 0 24 0
0 0 0 11 0 5 22 19 0 0 0 14 21 28 0 0 0 0 0 0 0 23 29 0 0 4 12 10 0 0 0 0 16 0 0 0
4 0 0 0 0 0 7 29 0 0 31 2 0 12 0 15 0 0 19 0 0 21 0 9 0 14 13 0 0 0 0 0 0 0 18 0
7 0 0 0 0 14 23 12 33 0 0 0 0 0 20 0 0 8 0 0 0 2 0 0 0 17 0 0 0 0 5 0 0 0 0 0
0 0 0 16 0 0 0 18 0 34 0 0 3 0 0 0 28 35 0 0 7 0 0 4 0 9 5 0 0 31 0 0 36 0 22 26
21 32 0 0 0 0 0 0 0 0 0 0 15 2 0 36 10 1 0 0 0 33 24 22 27 30 20 0 0 23 0 0 25 35 0 0
0 2 0 24 17 0 0 4 0 0 28 0 0 0 0 0 0 18 0 5 0 0 0 0 0 0 0 0 21 8 0 0 27 0 33 0
0 0 0 0 0 0 9 0 29 32 0 20 27 0 17 11 14 34 0 0 0 0 35 0 0 10 33 0 0 25 0 21 0 0 0 15
3 0 35 31 12 0 16 0 14 26 0 0 19 9 0 0 0 5 17 0 32 0 0 0 0 0 4 0 0 0 0 23 0 0 30 18
28 12 0 29 16 36 0 0 0 0 0 33 0 0 0 24 15 31 0 0 0 0 34 30 0 0 0 9 0 0 0 32 18 3 0 14
10 0 0 0 0 0 24 14 4 19 0 11 0 5 0 0 7 0 9 0 0 0 6 0 21 0 0 0 0 36 0 0 0 0 0 0
34 0 0 5 0 32 0 9 0 0 0 0 0 0 0 12 0 13 26 0 0 31 4 0 0 8 0 0 23 0 11 0 0 0 25 0
0 21 0 0 3 11 0 0 25 2 8 7 0 30 0 27 0 0 0 0 0 14 0 23 35 0 32 0 0 0 0 19 0 0 29 5
0 7 0 0 8 0 3 0 26 0 0 0 23 0 16 17 0 0 22 32 0 10 33 0 0 12 31 0 0 0 35 24 0 0 0 4
0 4 0 0 0 0 0 35 10 31 0 0 1 8 0 0 6 0 0 0 11 0 3 15 0 0 0 0 0 16 0 36 0 0 0 7
36 8 3 6 18 0 0 20 0 0 1 0 0 17 14 26 0 0 0 10 0 34 11 0 28 0 0 7 22 0 25 0 0 0 0 35
15 0 12 0 0 2 6 0 0 29 0 0 7 34 27 35 0 22 23 14 20 30 0 0 31 0 24 0 0 0 0 26 0 0 16 0
0 20 0 0 0 30 0 0 5 17 27 4 0 23 13 9 0 3 0 22 6 0 28 26 15 0 0 0 16 33 0 18 0 7 0 0
0 0 0 0 23 31 0 0 0 22 0 0 32 24 19 0 0 0 0 0 0 0 0 27 0 0 0 0 11 0 0 0 9 0 0 6
0 0 0 0 14 0 36 0 0 0 0 18 0 0 8 0 20 0 16 35 0 0 0 0 0 29 19 0 0 0 21 1 17 0 0 0
11 0 4 0 0 0 19 10 34 0 15 0 16 0 0 31 0 33 0 36 3 0 7 24 0 35 0 23 0 0 0 0 0 12 0 0
12 0 31 13 0 25 0 0 0 0 0 19 0 0 0 1 0 0 5 34 0 0 9 0 0 0 0 0 0 0 28 0 0 0 8 0
0 34 17 0 4 1 0 8 0 30 13 0 0 0 11 20 35 23 21 6 0 32 26 0 0 0 15 33 5 0 14 0 0 0 27 22
0 0 0 36 6 15 26 0 0 0 0 32 0 0 0 0 0 0 0 2 0 0 0 10 0 0 0 0 0 27 34 0 0 0 4 0
0 0 8 0 5 0 34 0 35 1 0 0 24 0 0 2 0 0 0 0 0 17 31 0 18 0 0 0 25 0 16 0 12 0 0 9
0 0 0 18 0 16 0 3 9 0 0 29 13 0 0 0 4 0 0 0 25 22 0 1 12 0 34 0 0 35 17 33 7 26 20 19
0 3 0 19 20 0 0 16 23 0 4 0 0 0 22 0 26 25 0 0 0 0 0 8 0 0 0 21 0 0 32 0 0 24 13 31
0 11 0 33 0 0 0 2 24 0 20 0 0 0 15 0 0 0 35 0 0 0 0 0 0 0 9 0 8 0 4 0 19 30 32 0
24 17 2 27 13 0 29 0 12 0 26 0 0 35 0 6 32 16 31 0 0 0 5 0 0 0 7 20 0 4 0 22 14 0 9 1
18 15 23 20 0 0 0 0 0 0 0 0 0 13 0 4 1 0 0 30 0 0 12 0 0 0 22 0 2 0 0 31 0 0 17 0
6 0 0 0 0 19 0 17 0 5 16 23 14 7 9 0 0 11 24 0 22 0 0 0 0 33 27 0 0 0 0 20 0 0 10 12
30 25 0 12 9 0 0 32 13 3 0 35 0 10 0 0 24 0 14 0 26 0 0 17 0 1 0 0 0 0 0 0 8 0 0 0
0 28 14 0 0 0 0 0 19 0 0 34 0 0 0 0 0 20 13 4 0 16 32 11 23 0 29 12 0 0 0 25 0 0 0 0
