23 0 0 0 0 7 1 0 2 0 25 0 0 4 0 0 6 15 0 0 18 8 20 17 0
0 8 18 0 24 12 3 0 17 0 0 0 0 20 14 1 11 10 0 0 0 0 6 0 9
0 0 0 0 3 5 0 4 0 0 0 0 0 0 0 20 2 0 14 18 0 0 25 21 0
0 17 0 0 20 0 0 9 19 0 22 21 0 0 5 0 0 23 0 0 0 0 12 0 0
9 0 0 0 11 0 14 0 0 15 0 0 0 0 6 0 17 4 0 21 0 0 5 22 3
0 6 0 0 12 0 0 3 0 14 0 20 25 0 15 16 10 5 11 1 0 7 0 0 0
25 7 0 14 0 0 0 5 21 23 12 0 10 19 0 0 0 0 6 8 0 0 0 24 1
21 0 19 0 4 0 0 0 22 13 23 0 0 0 18 0 14 17 0 0 12 0 0 0 0
18 0 0 10 0 0 7 6 1 0 0 0 5 22 0 0 0 0 9 0 0 14 13 0 0
0 0 0 0 0 15 9 0 20 0 14 8 0 24 0 13 21 7 22 0 0 0 0 4 6
0 0 0 17 25 0 22 0 15 0 21 11 0 0 19 0 0 0 0 0 0 0 7 0 0
15 0 0 18 0 0 0 14 3 6 0 7 0 0 9 0 19 0 0 17 0 24 0 0 0
0 13 23 5 0 0 18 0 7 1 0 6 0 0 0 11 24 8 4 0 0 0 3 0 17
4 0 0 0 21 0 23 0 0 10 2 0 0 0 0 0 5 0 0 13 22 0 0 16 0
0 24 0 0 0 13 0 0 0 8 0 0 20 0 0 23 0 0 12 0 11 19 4 18 14
0 19 0 0 8 4 24 0 18 17 0 15 0 16 3 0 12 0 21 0 9 0 22 25 5
2 0 22 0 6 21 0 0 0 0 4 0 11 5 0 0 0 0 24 0 0 0 0 0 10
0 4 10 0 0 3 0 0 0 12 0 19 0 0 2 0 0 0 7 0 0 17 15 0 0
0 0 0 3 0 0 0 0 11 5 6 24 0 25 22 9 0 0 8 2 0 0 0 0 20
0 0 11 23 0 0 15 0 0 0 7 10 13 18 0 5 0 0 0 0 4 0 21 0 0
11 0 0 0 15 0 0 2 23 0 0 0 0 0 10 4 0 19 0 0 21 22 0 3 0
0 0 0 13 0 22 0 0 0 0 8 0 0 0 0 0 7 12 0 24 1 0 0 0 11
20 0 0 24 0 0 0 0 4 0 18 0 17 0 21 0 3 0 10 6 15 13 0 14 0
0 5 0 0 2 0 17 0 13 0 0 14 15 23 0 0 1 25 0 22 19 0 10 0 0
16 0 21 0 0 14 0 19 0 0 0 0 0 0 0 0 0 0 17 11 0 0 18 23 0
